# ERIAS HW 1 and 2

Работу выполнили Гаврин И.А. и Панкратов А.Р.

## Установка

1. Убедитесь, что у вас установлен **Python 3.13+** и активировано виртуальное окружение:

   ```bash
   python -m venv .venv
   source .venv/bin/activate  # Linux / macOS
   .venv\Scripts\activate     # Windows
   ```

2. Установите зависимости:

   ```bash
   pip install -r requirements.txt
   ```
---

## hw_1.py

### Запуск:

```bash
python hw_1.py
```

### Вывод:

```
User matrix:
 [[3 5 9 2 7]
 [8 6 5 2 2]
 [7 2 2 8 5]
 [7 1 7 3 7]
 [8 9 3 7 9]]
User similarity:
 [[1.    0.839 0.775 0.887 0.873]
 [0.839 1.    0.719 0.752 0.829]
 [0.775 0.719 1.    0.582 0.851]
 [0.887 0.752 0.582 1.    0.864]
 [0.873 0.829 0.851 0.864 1.   ]]
Products similarity:
 [[1.    0.783 0.639 0.887 0.792]
 [0.783 1.    0.746 0.81  0.849]
 [0.639 0.746 1.    0.819 0.889]
 [0.887 0.81  0.819 1.    0.805]
 [0.792 0.849 0.889 0.805 1.   ]]
Closest users: 1 4
Closest products: 3 5
```

---

## hw_2.py

### Запуск:

```bash
python hw_2.py
```

### Вывод:

```
User similarity matrix:
 [[1.    0.766 0.332 0.092 0.781]
 [0.766 1.    0.494 0.566 0.074]
 [0.332 0.494 1.    0.476 0.373]
 [0.092 0.566 0.476 1.    0.495]
 [0.781 0.074 0.373 0.495 1.   ]]
----------
Step  0
[[1.         0.76608825 0.33228197 0.09244681 0.78053119]
 [0.76608825 1.         0.49379528 0.56600283 0.074498  ]
 [0.33228197 0.49379528 1.         0.47588061 0.37277445]
 [0.09244681 0.56600283 0.47588061 1.         0.49504056]
 [0.78053119 0.074498   0.37277445 0.49504056 1.        ]]
---------- Step  1
New distance matrix:
 [[1.    0.494 0.566 0.074 0.766]
 [0.494 1.    0.476 0.373 0.332]
 [0.566 0.476 1.    0.495 0.092]
 [0.074 0.373 0.495 1.    0.781]
 [0.766 0.332 0.092 0.781 0.   ]]
Current clusters: ['U2', 'U3', 'U4', 'U5', '(U1+U1)']
---------- Step  2
New distance matrix:
 [[1.    0.476 0.373 0.332 0.494]
 [0.476 1.    0.495 0.092 0.566]
 [0.373 0.495 1.    0.781 0.074]
 [0.332 0.092 0.781 0.    0.766]
 [0.494 0.566 0.074 0.766 0.   ]]
Current clusters: ['U3', 'U4', 'U5', '(U1+U1)', '(U2+U2)']
---------- Step  3
New distance matrix:
 [[1.    0.495 0.092 0.566 0.476]
 [0.495 1.    0.781 0.074 0.373]
 [0.092 0.781 0.    0.766 0.332]
 [0.566 0.074 0.766 0.    0.494]
 [0.476 0.373 0.332 0.494 0.   ]]
Current clusters: ['U4', 'U5', '(U1+U1)', '(U2+U2)', '(U3+U3)']
---------- Step  4
New distance matrix:
 [[1.    0.781 0.074 0.373 0.495]
 [0.781 0.    0.766 0.332 0.092]
 [0.074 0.766 0.    0.494 0.566]
 [0.373 0.332 0.494 0.    0.476]
 [0.495 0.092 0.566 0.476 0.   ]]
Current clusters: ['U5', '(U1+U1)', '(U2+U2)', '(U3+U3)', '(U4+U4)']
---------- Step  5
New distance matrix:
 [[0.    0.766 0.332 0.092 0.781]
 [0.766 0.    0.494 0.566 0.074]
 [0.332 0.494 0.    0.476 0.373]
 [0.092 0.566 0.476 0.    0.495]
 [0.781 0.074 0.373 0.495 0.   ]]
Current clusters: ['(U1+U1)', '(U2+U2)', '(U3+U3)', '(U4+U4)', '(U5+U5)']
---------- Step  6
New distance matrix:
 [[0.    0.494 0.566 0.766]
 [0.494 0.    0.476 0.373]
 [0.566 0.476 0.    0.495]
 [0.766 0.373 0.495 0.   ]]
Current clusters: ['(U2+U2)', '(U3+U3)', '(U4+U4)', '((U1+U1)+(U5+U5))']
---------- Step  7
New distance matrix:
 [[0.    0.476 0.494]
 [0.476 0.    0.566]
 [0.494 0.566 0.   ]]
Current clusters: ['(U3+U3)', '(U4+U4)', '((U2+U2)+((U1+U1)+(U5+U5)))']
---------- Step  8
Final clusters: ['(U3+U3)', '(U4+U4)', '((U2+U2)+((U1+U1)+(U5+U5)))']
```
